Symmetric50:   [0.45128565 0.1960985  0.17388929 0.17872656]
Asymmetric50:  [0.45248776 0.19387158 0.16996663 0.18367403]
Ellipse:       [0.82303918 0.08347754 0.01862445 0.07485883]
SFDA:          [0.87431744 0.07190576 0.02885458 0.02492221]
GT:            [0.83976798 0.08894528 0.02007984 0.0512069 ]